##########
#        #
#  ##  . #
#  !     #
#  #     #
# @!     #
#        #
#$  !  ! #
#        #
##########

Player Name: sad
Game Name: sad
Level: 2
Character Number: 5
Boxes on Goals: 4
Repetition: 0 1 -1 0 0 1 -1 0 0 -1 0 -1 -1 0 -1 0 0 1 -1 0 0 -1 0 1 1 0 1 0 1 0 1 0 1 0 0 -1 0 -1 -1 0 -1 0 1 0 -1 0 0 -1 -1 0 0 -1 1 0 -1 0 -1 0 -1 0 -1 0 -1 0 0 1 0 1 0 1 0 1 1 0 1 0 1 0 1 0 1 0 0 1 1 0 0 -1 -1 0 0 -1 0 -1 0 -1 0 -1 -1 0 -1 0 1 0 0 1 0 1 0 1 0 1 0 1 -1 0 0 1 1 0 1 0 -1 0 0 -1 0 -1 1 0 0 -1 0 -1 0 -1 0 -1 -1 0 -1 0 -1 0 0 1 1 0 0 -1 1 0 0 1 
Initial position: 8,4
Moves Count: 78